test1_1_0	1259590422	1259576018	14404
test1_1_1	1259590422	1259576018	14404
test1_2_0	1259590422	1259576018	14404
test1_2_1	1259590422	1259576018	14404
test1_3_0	1259590422	1259576018	14404
test1_3_1	1259590422	1259576018	14404
test1_4_0	1259576705	1259576662	43
test1_4_1	1259576705	1259576662	43
test1_5_0	1259576705	1259576662	43
test1_5_1	1259576705	1259576662	43
test1_6_0	1259576705	1259576662	43
test1_6_1	1259576705	1259576662	43
test1_7_0	1259576705	1259576662	43
test1_7_1	1259576705	1259576662	43
test1_8_0	1259576778	1259576662	116
test1_8_1	1259576778	1259576662	116
test1_9_0	1259576778	1259576662	116
test1_9_1	1259576778	1259576662	116
test1_10_0	1259576778	1259576662	116
test1_10_1	1259576778	1259576662	116
test1_11_0	1259576778	1259576662	116
test1_11_1	1259576778	1259576662	116
test1_12_0	1259576778	1259576662	116
test1_12_1	1259576778	1259576662	116
test1_13_0	1259576778	1259576662	116
test1_13_1	1259576778	1259576662	116
test1_14_0	1259576778	1259576662	116
test1_14_1	1259576778	1259576662	116
test1_15_0	1259576778	1259576662	116
test1_15_1	1259576778	1259576662	116
test1_16_0	1259576778	1259576662	116
test1_16_1	1259576778	1259576662	116
test1_17_0	1259576778	1259576662	116
test1_17_1	1259576778	1259576662	116
test1_18_0	1259576778	1259576662	116
test1_18_1	1259576778	1259576662	116
test1_19_0	1259576778	1259576662	116
test1_19_1	1259576778	1259576662	116
test1_20_0	1259576818	1259576662	156
test1_20_1	1259576818	1259576662	156
test1_21_0	1259576818	1259576662	156
test1_21_1	1259576818	1259576662	156
test1_22_0	1259576818	1259576662	156
test1_22_1	1259576818	1259576662	156
test1_23_0	1259576818	1259576662	156
test1_23_1	1259576818	1259576662	156
test1_24_0	1259576818	1259576662	156
test1_24_1	1259576818	1259576662	156
test1_25_0	1259576818	1259576662	156
test1_25_1	1259576818	1259576662	156
test1_26_0	1259576885	1259576662	223
test1_26_1	1259576885	1259576662	223
test1_27_0	1259576885	1259576662	223
test1_27_1	1259576885	1259576662	223
test1_28_0	1259576885	1259576662	223
test1_28_1	1259576885	1259576662	223
test1_29_0	1259576885	1259576679	206
test1_29_1	1259576885	1259576679	206
test1_30_0	1259576885	1259576679	206
test1_30_1	1259576885	1259576679	206
test1_31_0	1259576885	1259576679	206
test1_31_1	1259576885	1259576679	206
test1_32_0	1259576885	1259576679	206
test1_32_1	1259576885	1259576679	206
test1_33_0	1259576885	1259576679	206
test1_33_1	1259576885	1259576679	206
test1_34_0	1259576885	1259576679	206
test1_34_1	1259576885	1259576679	206
test1_35_0	1259576885	1259576679	206
test1_35_1	1259576885	1259576679	206
test1_36_0	1259576885	1259576679	206
test1_36_1	1259577950	1259576018	1932
test1_37_0	1259577950	1259576018	1932
test1_37_1	1259577950	1259576018	1932
test1_38_0	1259577950	1259576018	1932
test1_38_1	1259577950	1259576018	1932
test1_39_0	1259577950	1259576018	1932
test1_39_1	1259577950	1259576018	1932
test1_40_0	1259577950	1259576018	1932
test1_40_1	1259578180	1259576018	2162
test1_41_0	1259578370	1259576018	2352
test1_41_1	1259578700	1259576018	2682
test1_42_0	1259579663	1259576018	3645
test1_42_1	1259579663	1259576018	3645
test1_43_0	1259581263	1259576018	5245
test1_43_1	1259581263	1259576018	5245
test1_44_0	1259581263	1259576018	5245
test1_44_1	1259581263	1259576018	5245
test1_45_0	1259581263	1259576018	5245
test1_45_1	1259581263	1259576018	5245
test1_46_0	1259581263	1259576018	5245
test1_46_1	1259581351	1259576018	5333
test1_47_0	1259590422	1259576018	14404
test1_47_1	1259590422	1259576018	14404
test1_48_0	1259590422	1259576018	14404
test1_48_1	1259590422	1259576018	14404
test1_49_0	1259590422	1259576018	14404
test1_49_1	1259590422	1259576018	14404
test1_50_0	1259590422	1259576018	14404
test1_50_1	1259590422	1259576018	14404
