"test_valendo2_linux_1_0"	1265045373	1265044818	555	30
"test_valendo2_linux_1_1"	1265040367	1265039817	550	30
"test_valendo2_linux_2_0"	1265090994	1265090433	561	30
"test_valendo2_linux_2_1"	1265088716	1265088187	529	26
"test_valendo2_linux_3_0"	1265044690	1265044165	525	26
"test_valendo2_linux_3_1"	1265080982	1265080421	561	30
"test_valendo2_linux_4_0"	1265052012	1265051452	560	30
"test_valendo2_linux_4_1"	1265049477	1265048950	527	26
"test_valendo2_linux_5_0"	1265042578	1265042032	546	30
"test_valendo2_linux_5_1"	1265063015	1265062488	527	26
"test_valendo2_linux_6_0"	1265084474	1265083942	532	26
"test_valendo2_linux_6_1"	1265042836	1265042304	532	26
"test_valendo2_linux_7_0"	1265044423	1265043900	523	26
"test_valendo2_linux_7_1"	1265045763	1265045230	533	26
"test_valendo2_linux_8_0"	1265047861	1265047312	549	30
"test_valendo2_linux_8_1"	1265041469	1265040920	549	30
"test_valendo2_linux_9_0"	1265072921	1265072364	557	30
"test_valendo2_linux_9_1"	1265056917	1265056381	536	26
"test_valendo2_linux_10_0"	1265046751	1265046194	557	30
"test_valendo2_linux_10_1"	1265044254	1265043699	555	30
"test_valendo2_linux_11_0"	1265053455	1265052915	540	26
"test_valendo2_linux_11_1"	1265050898	1265050351	547	30
"test_valendo2_linux_12_0"	1265043112	1265042579	533	26
"test_valendo2_linux_12_1"	1265048975	1265048417	558	30
"test_valendo2_linux_13_0"	1265068183	1265067625	558	30
"test_valendo2_linux_13_1"	1265070430	1265069897	533	26
"test_valendo2_linux_14_0"	1265047036	1265046470	566	30
"test_valendo2_linux_14_1"	1265052652	1265052115	537	26
"test_valendo2_linux_15_0"	1265043135	1265042578	557	30
"test_valendo2_linux_15_1"	1265063282	1265062751	531	26
"test_valendo2_linux_16_0"	1265057722	1265057183	539	26
"test_valendo2_linux_16_1"	1265043414	1265042860	554	30
"test_valendo2_linux_17_0"	1265050630	1265050075	555	30
"test_valendo2_linux_17_1"	1265048679	1265048150	529	26
"test_valendo2_linux_18_0"	1265072280	1265071741	539	26
"test_valendo2_linux_18_1"	1265056469	1265055916	553	30
"test_valendo2_linux_19_0"	1265072090	1265071533	557	30
"test_valendo2_linux_19_1"	1265087389	1265086831	558	30
"test_valendo2_linux_20_0"	1265067523	1265066986	537	26
"test_valendo2_linux_20_1"	1265067342	1265066791	551	30
"test_valendo2_linux_21_0"	1265076530	1265075976	554	30
"test_valendo2_linux_21_1"	1265055583	1265055050	533	26
"test_valendo2_linux_22_0"	1265067783	1265067259	524	26
"test_valendo2_linux_22_1"	1265060893	1265060362	531	26
"test_valendo2_linux_23_0"	1265060652	1265060101	551	30
"test_valendo2_linux_23_1"	1265050351	1265049801	550	30
"test_valendo2_linux_24_0"	1265071256	1265070700	556	30
"test_valendo2_linux_24_1"	1265060627	1265060090	537	26
"test_valendo2_linux_25_0"	1265054797	1265054240	557	30
"test_valendo2_linux_25_1"	1265056648	1265056112	536	26
"test_valendo2_linux_26_0"	1265046194	1265045646	548	30
"test_valendo2_linux_26_1"	1265051733	1265051176	557	30
"test_valendo2_linux_27_0"	1265050017	1265049477	540	26
"test_valendo2_linux_27_1"	1265047101	1265046557	544	26
"test_valendo2_linux_28_0"	1265053183	1265052652	531	26
"test_valendo2_linux_28_1"	1265051059	1265050535	524	26
"test_valendo2_linux_29_0"	1265052915	1265052389	526	26
"test_valendo2_linux_29_1"	1265067907	1265067342	565	30
"test_valendo2_linux_30_0"	1265058505	1265057986	519	26
"test_valendo2_linux_30_1"	1265053961	1265053404	557	30
"test_valendo2_linux_31_0"	1265058769	1265058249	520	26
"test_valendo2_linux_31_1"	1265054513	1265053987	526	26
"test_valendo2_linux_32_0"	1265049524	1265048975	549	30
"test_valendo2_linux_32_1"	1265059030	1265058505	525	26
"test_valendo2_linux_33_0"	1265068834	1265068301	533	26
"test_valendo2_linux_33_1"	1265064067	1265063542	525	26
"test_valendo2_linux_34_0"	1265066986	1265066452	534	26
"test_valendo2_linux_34_1"	1265058981	1265058417	564	30
"test_valendo2_linux_35_0"	1265057019	1265056469	550	30
"test_valendo2_linux_35_1"	1265068301	1265067783	518	26
"test_valendo2_linux_36_0"	1265063169	1265062610	559	30
"test_valendo2_linux_36_1"	1265062233	1265061697	536	26
"test_valendo2_linux_37_0"	1265061162	1265060627	535	26
"test_valendo2_linux_37_1"	1265060379	1265059819	560	30
"test_valendo2_linux_38_0"	1265078356	1265077829	527	26
"test_valendo2_linux_38_1"	1265059537	1265058981	556	30
"test_valendo2_linux_39_0"	1265052574	1265052012	562	30
"test_valendo2_linux_39_1"	1265055322	1265054778	544	26
"test_valendo2_linux_40_0"	1265054240	1265053676	564	30
"test_valendo2_linux_40_1"	1265058132	1265057575	557	30
"test_valendo2_linux_41_0"	1265054251	1265053716	535	26
"test_valendo2_linux_41_1"	1265066791	1265066229	562	30
"test_valendo2_linux_42_0"	1265050793	1265050277	516	26
"test_valendo2_linux_42_1"	1265061697	1265061162	535	26
"test_valendo2_linux_43_0"	1265051176	1265050630	546	30
"test_valendo2_linux_43_1"	1265065125	1265064592	533	26
"test_valendo2_linux_44_0"	1265061491	1265060927	564	30
"test_valendo2_linux_44_1"	1265069099	1265068569	530	26
"test_valendo2_linux_45_0"	1265059562	1265059030	532	26
"test_valendo2_linux_45_1"	1265051591	1265051059	532	26
"test_valendo2_linux_46_0"	1265066229	1265065673	556	30
"test_valendo2_linux_46_1"	1265055633	1265055077	556	30
"test_valendo2_linux_47_0"	1265059256	1265058698	558	30
"test_valendo2_linux_47_1"	1265070144	1265069576	568	30
"test_valendo2_linux_48_0"	1265068569	1265068042	527	26
"test_valendo2_linux_48_1"	1265052298	1265051733	565	30
"test_valendo2_linux_49_0"	1265057454	1265056917	537	26
"test_valendo2_linux_49_1"	1265057300	1265056751	549	30
"test_valendo2_linux_50_0"	1265055050	1265054513	537	26
"test_valendo2_linux_50_1"	1265056381	1265055848	533	26
"test_valendo2_linux_51_0"	1265084745	1265084211	534	26
"test_valendo2_linux_51_1"	1265060362	1265059822	540	26
"test_valendo2_linux_52_0"	1265076229	1265075719	510	26
"test_valendo2_linux_52_1"	1265061207	1265060652	555	30
"test_valendo2_linux_53_0"	1265066186	1265065661	525	26
"test_valendo2_linux_53_1"	1265065117	1265064562	555	30
"test_valendo2_linux_54_0"	1265071220	1265070694	526	26
"test_valendo2_linux_54_1"	1265080221	1265079683	538	26
"test_valendo2_linux_55_0"	1265067259	1265066718	541	26
"test_valendo2_linux_55_1"	1265080696	1265080139	557	30
"test_valendo2_linux_56_0"	1265059822	1265059295	527	26
"test_valendo2_linux_56_1"	1265080755	1265080221	534	26
"test_valendo2_linux_57_0"	1265081820	1265081256	564	30
"test_valendo2_linux_57_1"	1265058417	1265057855	562	30
"test_valendo2_linux_58_0"	1265073478	1265072921	557	30
"test_valendo2_linux_58_1"	1265057183	1265056648	535	26
"test_valendo2_linux_59_0"	1265056751	1265056188	563	30
"test_valendo2_linux_59_1"	1265055916	1265055355	561	30
"test_valendo2_linux_60_0"	1265062894	1265062326	568	30
"test_valendo2_linux_60_1"	1265073752	1265073196	556	30
"test_valendo2_linux_61_0"	1265058249	1265057722	527	26
"test_valendo2_linux_61_1"	1265071477	1265070951	526	26
"test_valendo2_linux_62_0"	1265064562	1265064002	560	30
"test_valendo2_linux_62_1"	1265060927	1265060379	548	30
"test_valendo2_linux_63_0"	1265064849	1265064336	513	26
"test_valendo2_linux_63_1"	1265062751	1265062233	518	26
"test_valendo2_linux_64_0"	1265058698	1265058132	566	30
"test_valendo2_linux_64_1"	1265090711	1265090160	551	30
"test_valendo2_linux_65_0"	1265065673	1265065117	556	30
"test_valendo2_linux_65_1"	1265059819	1265059256	563	30
"test_valendo2_linux_66_0"	1265065391	1265064835	556	30
"test_valendo2_linux_66_1"	1265061771	1265061207	564	30
"test_valendo2_linux_67_0"	1265064002	1265063450	552	30
"test_valendo2_linux_67_1"	1265070694	1265070161	533	26
"test_valendo2_linux_68_0"	1265078885	1265078356	529	26
"test_valendo2_linux_68_1"	1265091268	1265090711	557	30
"test_valendo2_linux_69_0"	1265064284	1265063731	553	30
"test_valendo2_linux_69_1"	1265065952	1265065391	561	30
"test_valendo2_linux_70_0"	1265082650	1265082095	555	30
"test_valendo2_linux_70_1"	1265074653	1265074123	530	26
"test_valendo2_linux_71_0"	1265061964	1265061432	532	26
"test_valendo2_linux_71_1"	1265093203	1265092668	535	26
"test_valendo2_linux_72_0"	1265062610	1265062043	567	30
"test_valendo2_linux_72_1"	1265085435	1265084887	548	30
"test_valendo2_linux_73_0"	1265089504	1265088979	525	26
"test_valendo2_linux_73_1"	1265077353	1265076800	553	30
"test_valendo2_linux_74_0"	1265064835	1265064284	551	30
"test_valendo2_linux_74_1"	1265074859	1265074315	544	30
"test_valendo2_linux_75_0"	1265090160	1265089613	547	30
"test_valendo2_linux_75_1"	1265069624	1265069099	525	26
"test_valendo2_linux_76_0"	1265077073	1265076530	543	30
"test_valendo2_linux_76_1"	1265077829	1265077300	529	26
"test_valendo2_linux_77_0"	1265076250	1265075699	551	30
"test_valendo2_linux_77_1"	1265066452	1265065919	533	26
"test_valendo2_linux_78_0"	1265060090	1265059562	528	26
"test_valendo2_linux_78_1"	1265062488	1265061964	524	26
"test_valendo2_linux_79_0"	1265093200	1265092647	553	30
"test_valendo2_linux_79_1"	1265089613	1265089050	563	30
"test_valendo2_linux_80_0"	1265069303	1265068743	560	30
"test_valendo2_linux_80_1"	1265075182	1265074653	529	26
"test_valendo2_linux_81_0"	1265061432	1265060893	539	26
"test_valendo2_linux_81_1"	1265091550	1265090994	556	30
"test_valendo2_linux_82_0"	1265073078	1265072551	527	26
"test_valendo2_linux_82_1"	1265069021	1265068465	556	30
"test_valendo2_linux_83_0"	1265090433	1265089893	540	30
"test_valendo2_linux_83_1"	1265071741	1265071220	521	26
"test_valendo2_linux_84_0"	1265086831	1265086279	552	30
"test_valendo2_linux_84_1"	1265074586	1265074025	561	30
"test_valendo2_linux_85_0"	1265069862	1265069303	559	30
"test_valendo2_linux_85_1"	1265063450	1265062894	556	30
"test_valendo2_linux_86_0"	1265068042	1265067523	519	26
"test_valendo2_linux_86_1"	1265085280	1265084745	535	26
"test_valendo2_linux_87_0"	1265089893	1265089333	560	30
"test_valendo2_linux_87_1"	1265063803	1265063282	521	26
"test_valendo2_linux_88_0"	1265076800	1265076250	550	30
"test_valendo2_linux_88_1"	1265070951	1265070430	521	26
"test_valendo2_linux_89_0"	1265065390	1265064849	541	26
"test_valendo2_linux_89_1"	1265067625	1265067065	560	30
"test_valendo2_linux_90_0"	1265063542	1265063015	527	26
"test_valendo2_linux_90_1"	1265083143	1265082617	526	26
"test_valendo2_linux_91_0"	1265087670	1265087110	560	30
"test_valendo2_linux_91_1"	1265087388	1265086859	529	26
"test_valendo2_linux_92_0"	1265065661	1265065125	536	26
"test_valendo2_linux_92_1"	1265064592	1265064067	525	26
"test_valendo2_linux_93_0"	1265078189	1265077634	555	30
"test_valendo2_linux_93_1"	1265068743	1265068183	560	30
"test_valendo2_linux_94_0"	1265070161	1265069624	537	26
"test_valendo2_linux_94_1"	1265080421	1265079861	560	30
"test_valendo2_linux_95_0"	1265074025	1265073478	547	30
"test_valendo2_linux_95_1"	1265075452	1265074916	536	26
"test_valendo2_linux_96_0"	1265091816	1265091268	548	30
"test_valendo2_linux_96_1"	1265069576	1265069021	555	30
"test_valendo2_linux_97_0"	1265073606	1265073078	528	26
"test_valendo2_linux_97_1"	1265092135	1265091601	534	26
"test_valendo2_linux_98_0"	1265065919	1265065390	529	26
"test_valendo2_linux_98_1"	1265081536	1265080982	554	30
"test_valendo2_linux_99_0"	1265075719	1265075182	537	26
"test_valendo2_linux_99_1"	1265079958	1265079420	538	26
"test_valendo2_linux_100_0"	1265081287	1265080755	532	26
"test_valendo2_linux_100_1"	1265091339	1265090806	533	26
"test_valendo2_linux_101_0"	1265078087	1265077569	518	26
"test_valendo2_linux_101_1"	1265079157	1265078621	536	26
"test_valendo2_linux_102_0"	1265073862	1265073346	516	26
"test_valendo2_linux_102_1"	1265077912	1265077353	559	30
"test_valendo2_linux_103_0"	1265069897	1265069363	534	26
"test_valendo2_linux_103_1"	1265068465	1265067907	558	30
"test_valendo2_linux_104_0"	1265071533	1265070980	553	30
"test_valendo2_linux_104_1"	1265074391	1265073862	529	26
"test_valendo2_linux_105_0"	1265069363	1265068834	529	26
"test_valendo2_linux_105_1"	1265071815	1265071256	559	30
"test_valendo2_linux_106_0"	1265086074	1265085542	532	26
"test_valendo2_linux_106_1"	1265090031	1265089504	527	26
"test_valendo2_linux_107_0"	1265092929	1265092374	555	30
"test_valendo2_linux_107_1"	1265082349	1265081823	526	26
"test_valendo2_linux_108_0"	1265092647	1265092097	550	30
"test_valendo2_linux_108_1"	1265074123	1265073606	517	26
"test_valendo2_linux_109_0"	1265092668	1265092135	533	26
"test_valendo2_linux_109_1"	1265070421	1265069862	559	30
"test_valendo2_linux_110_0"	1265070980	1265070421	559	30
"test_valendo2_linux_110_1"	1265092374	1265091816	558	30
"test_valendo2_linux_111_0"	1265072012	1265071477	535	26
"test_valendo2_linux_111_1"	1265085542	1265085007	535	26
"test_valendo2_linux_112_0"	1265079683	1265079157	526	26
"test_valendo2_linux_112_1"	1265075976	1265075416	560	30
"test_valendo2_linux_113_0"	1265085714	1265085157	557	30
"test_valendo2_linux_113_1"	1265075140	1265074586	554	30
"test_valendo2_linux_114_0"	1265089761	1265089242	519	26
"test_valendo2_linux_114_1"	1265088449	1265087924	525	26
"test_valendo2_linux_115_0"	1265086596	1265086074	522	26
"test_valendo2_linux_115_1"	1265077569	1265077036	533	26
"test_valendo2_linux_116_0"	1265072364	1265071815	549	30
"test_valendo2_linux_116_1"	1265083942	1265083408	534	26
"test_valendo2_linux_117_0"	1265075416	1265074859	557	30
"test_valendo2_linux_117_1"	1265073346	1265072818	528	26
"test_valendo2_linux_118_0"	1265077036	1265076494	542	26
"test_valendo2_linux_118_1"	1265088979	1265088449	530	26
"test_valendo2_linux_119_0"	1265091872	1265091339	533	26
"test_valendo2_linux_119_1"	1265086557	1265085998	559	30
"test_valendo2_linux_120_0"	1265085007	1265084474	533	26
"test_valendo2_linux_120_1"	1265073196	1265072637	559	30
"test_valendo2_linux_121_0"	1265076765	1265076229	536	26
"test_valendo2_linux_121_1"	1265072551	1265072012	539	26
"test_valendo2_linux_122_0"	1265072637	1265072090	547	30
"test_valendo2_linux_122_1"	1265080139	1265079580	559	30
"test_valendo2_linux_123_0"	1265074916	1265074391	525	26
"test_valendo2_linux_123_1"	1265092936	1265092402	534	26
"test_valendo2_linux_124_0"	1265078621	1265078087	534	26
"test_valendo2_linux_124_1"	1265085157	1265084606	551	30
"test_valendo2_linux_125_0"	1265075699	1265075140	559	30
"test_valendo2_linux_125_1"	1265084043	1265083485	558	30
"test_valendo2_linux_126_0"	1265083485	1265082927	558	30
"test_valendo2_linux_126_1"	1265077300	1265076765	535	26
"test_valendo2_linux_127_0"	1265077634	1265077073	561	30
"test_valendo2_linux_127_1"	1265088772	1265088224	548	30
"test_valendo2_linux_128_0"	1265084323	1265083764	559	30
"test_valendo2_linux_128_1"	1265092402	1265091872	530	26
"test_valendo2_linux_129_0"	1265091076	1265090548	528	26
"test_valendo2_linux_129_1"	1265079420	1265078885	535	26
"test_valendo2_linux_130_0"	1265089333	1265088772	561	30
"test_valendo2_linux_130_1"	1265084887	1265084323	564	30
"test_valendo2_linux_131_0"	1265084211	1265083676	535	26
"test_valendo2_linux_131_1"	1265083408	1265082878	530	26
"test_valendo2_linux_132_0"	1265080490	1265079958	532	26
"test_valendo2_linux_132_1"	1265087924	1265087388	536	26
"test_valendo2_linux_133_0"	1265086329	1265085810	519	26
"test_valendo2_linux_133_1"	1265079020	1265078466	554	30
"test_valendo2_linux_134_0"	1265081556	1265081022	534	26
"test_valendo2_linux_134_1"	1265090548	1265090031	517	26
"test_valendo2_linux_135_0"	1265076494	1265075970	524	26
"test_valendo2_linux_135_1"	1265082878	1265082349	529	26
"test_valendo2_linux_136_0"	1265079861	1265079307	554	30
"test_valendo2_linux_136_1"	1265078466	1265077912	554	30
"test_valendo2_linux_137_0"	1265082927	1265082370	557	30
"test_valendo2_linux_137_1"	1265081823	1265081287	536	26
"test_valendo2_linux_138_0"	1265089242	1265088716	526	26
"test_valendo2_linux_138_1"	1265079307	1265078741	566	30
"test_valendo2_linux_139_0"	1265090806	1265090293	513	26
"test_valendo2_linux_139_1"	1265089050	1265088489	561	30
"test_valendo2_linux_140_0"	1265087948	1265087389	559	30
"test_valendo2_linux_140_1"	1265083764	1265083203	561	30
"test_valendo2_linux_141_0"	1265088224	1265087670	554	30
"test_valendo2_linux_141_1"	1265087124	1265086596	528	26
"test_valendo2_linux_142_0"	1265078741	1265078189	552	30
"test_valendo2_linux_142_1"	1265092097	1265091550	547	30
"test_valendo2_linux_143_0"	1265082617	1265082083	534	26
"test_valendo2_linux_143_1"	1265083203	1265082650	553	30
"test_valendo2_linux_144_0"	1265086279	1265085714	565	30
"test_valendo2_linux_144_1"	1265088187	1265087652	535	26
"test_valendo2_linux_145_0"	1265082095	1265081536	559	30
"test_valendo2_linux_145_1"	1265079580	1265079020	560	30
"test_valendo2_linux_146_0"	1265091601	1265091076	525	26
"test_valendo2_linux_146_1"	1265086859	1265086329	530	26
"test_valendo2_linux_147_0"	1265081256	1265080696	560	30
"test_valendo2_linux_147_1"	1265084606	1265084043	563	30
"test_valendo2_linux_148_0"	1265087652	1265087124	528	26
"test_valendo2_linux_148_1"	1265083676	1265083143	533	26
"test_valendo2_linux_149_0"	1265090293	1265089761	532	26
"test_valendo2_linux_149_1"	1265081022	1265080490	532	26
"test_valendo2_linux_150_0"	1265085998	1265085435	563	30
"test_valendo2_linux_150_1"	1265085810	1265085280	530	26
